1 0.100781 0.637500 0.157812 0.165625
1 0.079687 0.792188 0.156250 0.165625
1 0.614844 0.779688 0.157813 0.165625
1 0.529687 0.801562 0.140625 0.146875
1 0.590625 0.585938 0.140625 0.146875
1 0.375000 0.229687 0.131250 0.206250
1 0.787500 0.436719 0.137500 0.167187
1 0.842187 0.435156 0.137500 0.167188
1 0.924219 0.451562 0.151563 0.159375
1 0.898438 0.623438 0.171875 0.162500
1 0.553906 0.475781 0.139062 0.129688
1 0.916406 0.183594 0.167188 0.114063
0 0.542969 0.289844 0.204687 0.198437
2 0.788281 0.675000 0.060937 0.050000
