1 0.844531 0.772656 0.189063 0.179688
1 0.672656 0.530469 0.189063 0.179688
1 0.657813 0.382812 0.140625 0.128125
1 0.167187 0.464062 0.100000 0.178125
1 0.208594 0.597656 0.151562 0.139063
1 0.178906 0.187500 0.132812 0.121875
1 0.419531 0.224219 0.148438 0.139063
1 0.511719 0.282813 0.195312 0.156250
1 0.787500 0.312500 0.140625 0.128125
1 0.521875 0.678906 0.253125 0.104687
1 0.453906 0.711719 0.157813 0.145313
2 0.053906 0.464063 0.057812 0.059375
2 0.224219 0.311719 0.070313 0.073437
2 0.705469 0.778906 0.095313 0.082812
0 0.374219 0.444531 0.307812 0.335938
