1 0.706250 0.587500 0.162500 0.153125
1 0.706250 0.679688 0.162500 0.153125
1 0.918750 0.496875 0.162500 0.153125
1 0.600781 0.193750 0.164062 0.134375
1 0.182031 0.270312 0.160938 0.175000
1 0.787500 0.205469 0.162500 0.135937
1 0.771875 0.435937 0.162500 0.168750
1 0.475000 0.460938 0.162500 0.153125
1 0.062500 0.384375 0.121875 0.156250
1 0.549219 0.775781 0.157813 0.157813
1 0.591406 0.347656 0.157813 0.157813
0 0.272656 0.718750 0.257812 0.215625
2 0.298438 0.312500 0.056250 0.056250
2 0.966406 0.780469 0.064063 0.064063
