1 0.363281 0.696094 0.198438 0.123437
1 0.435156 0.502344 0.195312 0.170313
1 0.212500 0.387500 0.134375 0.125000
1 0.234375 0.599219 0.140625 0.182813
1 0.088281 0.453906 0.160938 0.151562
1 0.094531 0.589844 0.179688 0.142187
1 0.557031 0.547656 0.179688 0.142188
1 0.681250 0.560156 0.193750 0.154687
1 0.343750 0.824219 0.187500 0.101562
2 0.732031 0.776563 0.054688 0.053125
2 0.635156 0.839063 0.079688 0.053125
2 0.875000 0.746875 0.081250 0.087500
2 0.764062 0.829687 0.081250 0.071875
2 0.678906 0.246094 0.079688 0.057813
2 0.135156 0.265625 0.048437 0.043750
0 0.111719 0.758594 0.204687 0.232812
