1 0.723437 0.292969 0.175000 0.157813
1 0.538281 0.300781 0.129688 0.157813
1 0.483594 0.813281 0.148438 0.123437
1 0.443750 0.500000 0.140625 0.165625
1 0.417969 0.283594 0.117188 0.142187
1 0.837500 0.610938 0.156250 0.175000
1 0.772656 0.746875 0.145313 0.134375
1 0.916406 0.814844 0.154687 0.120313
1 0.696094 0.835156 0.154687 0.079688
1 0.564844 0.650000 0.145312 0.134375
1 0.650000 0.608594 0.150000 0.160938
1 0.082031 0.799219 0.151562 0.151563
1 0.052344 0.625000 0.101562 0.181250
0 0.273438 0.698438 0.350000 0.312500
2 0.738281 0.385156 0.064062 0.060938
2 0.942969 0.553125 0.076562 0.062500
