0 0.307812 0.644531 0.281250 0.282812
1 0.410937 0.371094 0.175000 0.160937
1 0.346875 0.408594 0.175000 0.160938
1 0.706250 0.472656 0.146875 0.160937
1 0.848437 0.371094 0.175000 0.160937
1 0.925781 0.705469 0.148438 0.176562
1 0.480469 0.789062 0.148438 0.171875
1 0.069531 0.614062 0.135938 0.146875
1 0.078125 0.421875 0.153125 0.162500
1 0.171875 0.342187 0.156250 0.162500
1 0.570312 0.246875 0.200000 0.178125
1 0.696094 0.303125 0.151562 0.168750
1 0.923437 0.587500 0.150000 0.168750
1 0.659375 0.467187 0.096875 0.159375
1 0.733594 0.188281 0.151562 0.123438
1 0.825781 0.188281 0.151563 0.123438
2 0.281250 0.294531 0.056250 0.054688
1 0.804688 0.617969 0.146875 0.160938
1 0.247656 0.192969 0.160938 0.132813
1 0.214844 0.801562 0.210938 0.137500
