1 0.260937 0.508594 0.181250 0.154687
1 0.353906 0.668750 0.157812 0.162500
1 0.253125 0.678125 0.143750 0.140625
1 0.382031 0.210156 0.179688 0.167188
1 0.784375 0.753125 0.159375 0.162500
1 0.796094 0.482031 0.167187 0.173437
1 0.768750 0.556250 0.165625 0.159375
1 0.493750 0.400781 0.171875 0.148438
1 0.937500 0.329688 0.125000 0.184375
1 0.919531 0.179688 0.157813 0.106250
1 0.782031 0.179688 0.157813 0.106250
1 0.589844 0.197656 0.157812 0.142187
1 0.735156 0.300781 0.154687 0.151563
1 0.433594 0.371094 0.154688 0.151563
1 0.189844 0.271094 0.154688 0.151562
1 0.110156 0.594531 0.167188 0.173438
1 0.477344 0.545312 0.157813 0.112500
1 0.931250 0.570312 0.137500 0.162500
0 0.621094 0.710938 0.245313 0.243750
