1 0.896094 0.464062 0.139062 0.134375
1 0.621875 0.669531 0.159375 0.182813
1 0.081250 0.737500 0.150000 0.140625
1 0.702344 0.821094 0.207813 0.101562
1 0.489063 0.805469 0.184375 0.139062
1 0.467969 0.670313 0.167187 0.162500
1 0.648438 0.207031 0.212500 0.160937
1 0.875781 0.763281 0.173438 0.145312
1 0.132812 0.250781 0.137500 0.214062
1 0.592969 0.382812 0.192188 0.150000
1 0.138281 0.566406 0.182812 0.145312
1 0.215625 0.698438 0.168750 0.143750
2 0.085156 0.444531 0.082812 0.067188
0 0.320312 0.489844 0.409375 0.392187
