1 0.214844 0.228906 0.176562 0.151562
1 0.146094 0.601562 0.157813 0.143750
1 0.621094 0.751563 0.157812 0.143750
1 0.230469 0.762500 0.157813 0.143750
1 0.384375 0.471875 0.159375 0.171875
1 0.703125 0.573438 0.159375 0.171875
1 0.917188 0.639062 0.159375 0.171875
1 0.936719 0.422656 0.126563 0.170312
1 0.171094 0.419531 0.135938 0.164062
1 0.495312 0.493750 0.159375 0.171875
1 0.476562 0.629687 0.159375 0.171875
1 0.432031 0.761719 0.160937 0.154688
0 0.620313 0.334375 0.350000 0.325000
2 0.781250 0.789844 0.071875 0.045312
