1 0.409375 0.752344 0.150000 0.160937
1 0.752344 0.653125 0.132812 0.137500
1 0.255469 0.548438 0.189062 0.159375
1 0.517188 0.528906 0.181250 0.139062
1 0.902344 0.633594 0.164062 0.132812
1 0.877344 0.808594 0.179688 0.132812
1 0.232031 0.822656 0.173437 0.104688
1 0.103125 0.744531 0.184375 0.135938
1 0.658594 0.388281 0.151563 0.164062
1 0.792969 0.399219 0.135938 0.167187
1 0.517969 0.339844 0.135937 0.167188
1 0.609375 0.624219 0.171875 0.145313
1 0.944531 0.500781 0.110938 0.142188
1 0.705469 0.803906 0.176562 0.142188
0 0.278125 0.306250 0.362500 0.340625
