1 0.098438 0.757812 0.187500 0.184375
1 0.351562 0.456250 0.187500 0.184375
1 0.652344 0.207031 0.182813 0.160937
1 0.513281 0.351562 0.182813 0.162500
1 0.694531 0.506250 0.173438 0.215625
1 0.936719 0.296094 0.126563 0.182813
1 0.860938 0.829687 0.184375 0.087500
1 0.142187 0.493750 0.187500 0.184375
1 0.316406 0.261719 0.167188 0.139062
1 0.467969 0.838281 0.167187 0.073438
1 0.717969 0.383594 0.204688 0.160938
1 0.817187 0.546875 0.168750 0.184375
2 0.484375 0.677344 0.046875 0.048438
2 0.151562 0.232813 0.056250 0.065625
0 0.628906 0.748437 0.264063 0.253125
