1 0.117969 0.306250 0.179688 0.150000
1 0.116406 0.458594 0.170313 0.142187
1 0.234375 0.600000 0.171875 0.159375
1 0.126562 0.710938 0.178125 0.150000
1 0.324219 0.737500 0.176562 0.131250
1 0.468750 0.739062 0.181250 0.146875
1 0.648438 0.754687 0.165625 0.171875
1 0.769531 0.741406 0.157812 0.129688
1 0.784375 0.593750 0.156250 0.168750
1 0.867969 0.517969 0.192188 0.120312
1 0.835938 0.386719 0.193750 0.126563
1 0.590625 0.273438 0.171875 0.150000
1 0.843750 0.217187 0.178125 0.181250
1 0.364844 0.358594 0.189062 0.207813
0 0.550781 0.492969 0.351562 0.342187
