0 0.546094 0.475781 0.335938 0.335938
1 0.303906 0.689844 0.170312 0.167188
1 0.235156 0.774219 0.170313 0.167187
1 0.070312 0.713281 0.137500 0.167188
1 0.227344 0.538281 0.207812 0.164063
1 0.267969 0.375781 0.207813 0.164062
1 0.827344 0.369531 0.207813 0.164062
1 0.910937 0.346875 0.178125 0.146875
1 0.913281 0.532812 0.173438 0.178125
1 0.811719 0.701563 0.173438 0.178125
1 0.616406 0.704687 0.195312 0.178125
1 0.496094 0.717188 0.195312 0.178125
1 0.508594 0.806250 0.192188 0.137500
1 0.105469 0.369531 0.173438 0.157812
1 0.919531 0.192188 0.157813 0.131250
2 0.703906 0.172656 0.070312 0.060938
2 0.799219 0.227344 0.070312 0.060938
2 0.110156 0.477344 0.070313 0.060937
