1 0.421094 0.407031 0.198437 0.173438
1 0.213281 0.515625 0.154688 0.153125
1 0.078125 0.200781 0.150000 0.148438
1 0.145313 0.353906 0.193750 0.151562
1 0.518750 0.595312 0.150000 0.134375
1 0.475000 0.690625 0.162500 0.175000
1 0.451562 0.776563 0.162500 0.175000
1 0.701562 0.544531 0.184375 0.132812
1 0.849219 0.818750 0.176562 0.112500
1 0.780469 0.688281 0.220313 0.185937
1 0.613281 0.790625 0.164062 0.168750
1 0.895312 0.202344 0.187500 0.151563
1 0.308594 0.739844 0.160937 0.164062
1 0.560156 0.224219 0.160938 0.164063
1 0.130469 0.632031 0.160938 0.164062
2 0.427344 0.235156 0.064062 0.073437
2 0.027344 0.279687 0.051562 0.075000
0 0.725781 0.356250 0.310937 0.262500
