0 0.367969 0.332813 0.339062 0.290625
1 0.578906 0.350000 0.167187 0.159375
1 0.664062 0.421875 0.143750 0.137500
1 0.873437 0.525000 0.171875 0.143750
1 0.757812 0.607031 0.212500 0.189063
1 0.882031 0.241406 0.157813 0.192188
1 0.732031 0.194531 0.160937 0.135938
1 0.062500 0.410938 0.121875 0.178125
1 0.160156 0.530469 0.173438 0.179688
1 0.576562 0.641406 0.171875 0.145313
1 0.663281 0.750781 0.185937 0.157813
1 0.067969 0.735156 0.132812 0.135937
1 0.181250 0.809375 0.209375 0.131250
1 0.866406 0.798438 0.126563 0.143750
1 0.161719 0.341406 0.148438 0.226563
1 0.426562 0.610156 0.187500 0.179688
2 0.550781 0.567969 0.054688 0.048438
