1 0.287500 0.560156 0.159375 0.164062
1 0.518750 0.582031 0.159375 0.164062
1 0.559375 0.746094 0.159375 0.164062
1 0.385156 0.688281 0.148438 0.151562
1 0.252344 0.772656 0.148437 0.151562
1 0.305469 0.405469 0.148438 0.151562
1 0.411719 0.271875 0.170313 0.150000
1 0.466406 0.428125 0.170312 0.150000
1 0.875781 0.380469 0.170312 0.179688
1 0.878906 0.767969 0.170313 0.179688
1 0.745313 0.653906 0.212500 0.170312
1 0.153906 0.336719 0.170313 0.179688
1 0.121094 0.497656 0.170312 0.179688
0 0.664844 0.227344 0.348438 0.201563
