0 0.317969 0.554688 0.270313 0.265625
2 0.171875 0.441406 0.065625 0.057813
2 0.134375 0.471094 0.065625 0.057812
2 0.550781 0.149219 0.060938 0.045313
1 0.219531 0.762500 0.192187 0.159375
1 0.871094 0.214844 0.195312 0.176562
1 0.647656 0.742188 0.192188 0.212500
1 0.792188 0.681250 0.181250 0.115625
1 0.542188 0.357812 0.175000 0.140625
1 0.417187 0.314063 0.175000 0.140625
1 0.410937 0.742188 0.175000 0.140625
1 0.487500 0.672656 0.184375 0.164062
1 0.925781 0.787500 0.145312 0.175000
1 0.858594 0.554688 0.210938 0.162500
1 0.876562 0.442188 0.181250 0.134375
1 0.673437 0.419531 0.181250 0.145313
1 0.267969 0.388281 0.198437 0.148438
1 0.124219 0.291406 0.198438 0.148437
