1 0.356250 0.358594 0.131250 0.148438
1 0.878125 0.383594 0.131250 0.148438
1 0.934375 0.669531 0.131250 0.148438
1 0.316406 0.518750 0.176562 0.162500
1 0.474219 0.480469 0.157812 0.167188
1 0.367188 0.665625 0.143750 0.168750
1 0.734375 0.592969 0.162500 0.167187
1 0.136719 0.570312 0.157813 0.153125
1 0.217188 0.196094 0.193750 0.139063
1 0.619531 0.818750 0.189063 0.112500
1 0.622656 0.444531 0.157813 0.167187
1 0.920312 0.518750 0.159375 0.118750
1 0.160938 0.372656 0.162500 0.182812
1 0.195312 0.717969 0.159375 0.170312
2 0.313281 0.782031 0.073437 0.070312
0 0.679688 0.252344 0.343750 0.251563
