1 0.166406 0.737500 0.170313 0.187500
1 0.386719 0.696094 0.223437 0.157813
1 0.145312 0.284375 0.184375 0.168750
1 0.592187 0.275000 0.184375 0.168750
1 0.411719 0.348438 0.185937 0.187500
1 0.914844 0.508594 0.154687 0.154687
1 0.210156 0.478125 0.160938 0.162500
1 0.254688 0.416406 0.131250 0.132812
1 0.384375 0.525000 0.178125 0.140625
1 0.299219 0.218750 0.139063 0.143750
1 0.871875 0.314844 0.178125 0.151562
1 0.063281 0.437500 0.123438 0.184375
1 0.805469 0.450000 0.095313 0.100000
0 0.609375 0.614844 0.400000 0.382812
