0 0.283594 0.638281 0.282813 0.229688
2 0.750000 0.282813 0.056250 0.056250
2 0.711719 0.188281 0.082813 0.076563
2 0.285938 0.826563 0.056250 0.056250
1 0.896094 0.624219 0.185937 0.164062
1 0.419531 0.442969 0.185937 0.164062
1 0.478906 0.392969 0.185938 0.164062
1 0.577344 0.417969 0.185937 0.164062
1 0.649219 0.410156 0.185937 0.164062
1 0.716406 0.446094 0.185937 0.164062
1 0.775781 0.458594 0.185937 0.164062
1 0.883594 0.421094 0.185937 0.164063
1 0.269531 0.207813 0.185937 0.162500
1 0.432031 0.207813 0.185938 0.162500
1 0.549219 0.249219 0.185938 0.164062
1 0.078906 0.510938 0.154688 0.203125
1 0.653125 0.810937 0.187500 0.128125
