0 0.249219 0.565625 0.367188 0.309375
1 0.716406 0.556250 0.189063 0.168750
1 0.883594 0.370313 0.189063 0.168750
1 0.654688 0.693750 0.165625 0.153125
1 0.795313 0.689063 0.165625 0.153125
1 0.901563 0.592187 0.165625 0.153125
1 0.917188 0.725000 0.165625 0.153125
1 0.634375 0.268750 0.165625 0.153125
1 0.576563 0.268750 0.165625 0.153125
1 0.496875 0.240625 0.165625 0.153125
1 0.428125 0.229688 0.165625 0.153125
1 0.257812 0.192188 0.175000 0.131250
1 0.075781 0.488281 0.148438 0.207812
1 0.490625 0.814063 0.159375 0.121875
1 0.357812 0.814063 0.159375 0.121875
1 0.080469 0.185937 0.157812 0.118750
1 0.397656 0.398438 0.182812 0.125000
1 0.823438 0.806250 0.250000 0.137500
1 0.298438 0.307812 0.134375 0.171875
1 0.782812 0.192188 0.196875 0.131250
