1 0.118750 0.358594 0.159375 0.185937
1 0.089063 0.202344 0.159375 0.151563
1 0.266406 0.185937 0.192187 0.118750
1 0.517969 0.221875 0.179688 0.175000
1 0.658594 0.485938 0.179688 0.181250
1 0.210156 0.620313 0.151563 0.159375
1 0.075781 0.701562 0.148438 0.171875
1 0.351562 0.728125 0.150000 0.171875
1 0.517969 0.681250 0.151562 0.156250
1 0.700000 0.666406 0.175000 0.157813
1 0.870313 0.782031 0.175000 0.157813
1 0.682813 0.300781 0.153125 0.157813
1 0.435156 0.821094 0.142187 0.104687
1 0.228125 0.820312 0.175000 0.103125
0 0.363281 0.406250 0.370313 0.356250
2 0.790625 0.491406 0.106250 0.104687
2 0.770312 0.224219 0.071875 0.064062
