0 0.179688 0.551562 0.353125 0.268750
1 0.643750 0.426563 0.196875 0.146875
1 0.671875 0.534375 0.165625 0.162500
1 0.709375 0.673437 0.165625 0.162500
1 0.532813 0.646875 0.140625 0.165625
1 0.464844 0.710938 0.145312 0.200000
1 0.337500 0.676562 0.150000 0.153125
1 0.108594 0.725781 0.173437 0.154687
1 0.294531 0.806250 0.195313 0.134375
1 0.578906 0.791406 0.129688 0.157813
1 0.891406 0.758594 0.160938 0.154687
1 0.824219 0.603906 0.160937 0.154687
1 0.844531 0.503906 0.160938 0.154688
1 0.940625 0.562500 0.118750 0.150000
2 0.687500 0.783594 0.071875 0.057813
2 0.584375 0.222656 0.071875 0.057813
1 0.408594 0.224219 0.129688 0.135937
1 0.859375 0.348437 0.171875 0.190625
1 0.531250 0.836719 0.128125 0.076562
