1 0.268750 0.382031 0.178125 0.176563
1 0.151562 0.251563 0.156250 0.175000
1 0.407031 0.316406 0.107812 0.157813
1 0.406250 0.487500 0.175000 0.171875
1 0.376563 0.642969 0.153125 0.154687
1 0.555469 0.592969 0.173438 0.164062
1 0.888281 0.767969 0.201562 0.182813
1 0.114844 0.565625 0.157813 0.162500
1 0.163281 0.678906 0.192188 0.195312
1 0.573438 0.421094 0.165625 0.157813
1 0.814844 0.261719 0.207812 0.132812
1 0.571875 0.192969 0.178125 0.132813
1 0.421875 0.189063 0.146875 0.125000
1 0.671875 0.781250 0.184375 0.187500
2 0.254687 0.657031 0.050000 0.045312
2 0.346094 0.777344 0.067188 0.064062
0 0.779687 0.500781 0.375000 0.404687
