1 0.905469 0.764063 0.170312 0.165625
1 0.760156 0.737500 0.170312 0.165625
1 0.277344 0.770312 0.145312 0.162500
1 0.575781 0.657031 0.185937 0.189063
1 0.653906 0.525781 0.185937 0.189063
1 0.696094 0.214062 0.173438 0.175000
1 0.816406 0.513281 0.154688 0.151563
1 0.157031 0.357031 0.167187 0.173437
1 0.184375 0.656250 0.190625 0.156250
1 0.403906 0.635156 0.164062 0.148438
1 0.419531 0.800781 0.164062 0.148438
1 0.260156 0.252344 0.164062 0.173437
1 0.377344 0.197656 0.154688 0.142187
2 0.835156 0.389844 0.051563 0.070312
2 0.710156 0.384375 0.085938 0.081250
2 0.207031 0.483594 0.064063 0.070313
2 0.207813 0.424219 0.059375 0.054688
0 0.453125 0.378906 0.331250 0.304688
