1 0.428906 0.560156 0.154687 0.142187
1 0.816406 0.534375 0.123438 0.125000
1 0.644531 0.490625 0.170313 0.165625
1 0.608594 0.784375 0.170312 0.165625
1 0.430469 0.757812 0.170312 0.165625
1 0.676562 0.638281 0.171875 0.154687
1 0.729688 0.247656 0.137500 0.145313
1 0.893750 0.650781 0.178125 0.148438
1 0.117969 0.315625 0.167187 0.153125
1 0.272656 0.313281 0.154687 0.142188
1 0.430469 0.235937 0.160938 0.165625
1 0.588281 0.330469 0.157813 0.182812
1 0.932813 0.285156 0.134375 0.195312
1 0.300781 0.176563 0.154687 0.100000
0 0.171875 0.611719 0.340625 0.345313
