1 0.677344 0.634375 0.173438 0.150000
1 0.803125 0.315625 0.206250 0.171875
1 0.560156 0.256250 0.157812 0.190625
1 0.099219 0.560156 0.167187 0.182813
1 0.192188 0.522656 0.181250 0.201562
1 0.351562 0.321094 0.168750 0.185938
1 0.308594 0.727344 0.192187 0.176563
1 0.452344 0.700000 0.189063 0.143750
1 0.144531 0.785156 0.210938 0.170313
1 0.671094 0.796094 0.185937 0.148438
1 0.908594 0.203906 0.176562 0.132812
1 0.125781 0.261719 0.189062 0.185937
1 0.873437 0.607812 0.153125 0.156250
1 0.942187 0.450781 0.115625 0.176563
1 0.785156 0.469531 0.245313 0.179687
0 0.493750 0.488281 0.409375 0.329687
2 0.531250 0.782031 0.062500 0.070312
2 0.242188 0.286719 0.087500 0.076563
