1 0.808594 0.513281 0.198438 0.160938
1 0.528906 0.650781 0.110937 0.164062
1 0.628906 0.453906 0.198438 0.160938
1 0.625781 0.450781 0.198437 0.160938
1 0.570312 0.375781 0.131250 0.126563
1 0.464844 0.336719 0.198438 0.160938
1 0.412500 0.210156 0.165625 0.167188
1 0.071094 0.231250 0.139063 0.168750
1 0.050000 0.419531 0.096875 0.157812
1 0.410938 0.734375 0.165625 0.168750
1 0.094531 0.781250 0.160937 0.153125
1 0.097656 0.626563 0.160938 0.153125
1 0.203906 0.763281 0.164062 0.126563
1 0.843750 0.223438 0.156250 0.165625
1 0.934375 0.377344 0.131250 0.110937
0 0.278906 0.541406 0.339062 0.317187
2 0.625000 0.582031 0.096875 0.101562
2 0.921094 0.160156 0.079688 0.067188
