1 0.446094 0.568750 0.176563 0.143750
1 0.328125 0.439844 0.181250 0.173438
1 0.325000 0.436719 0.181250 0.173438
1 0.194531 0.513281 0.170312 0.160938
1 0.085938 0.189844 0.150000 0.126562
1 0.814062 0.241406 0.162500 0.145313
1 0.851562 0.417187 0.159375 0.156250
1 0.107813 0.671875 0.131250 0.140625
1 0.135937 0.359375 0.131250 0.140625
1 0.115625 0.493750 0.131250 0.140625
1 0.581250 0.616406 0.103125 0.164062
1 0.646875 0.285156 0.143750 0.135938
1 0.727344 0.410938 0.157813 0.134375
1 0.616406 0.821094 0.157813 0.104687
1 0.295312 0.592187 0.140625 0.153125
0 0.771875 0.639844 0.300000 0.317188
2 0.510156 0.753125 0.064063 0.059375
