1 0.096094 0.754687 0.179688 0.153125
1 0.149219 0.597656 0.207812 0.217188
1 0.150000 0.469531 0.178125 0.145313
1 0.268750 0.489062 0.106250 0.203125
1 0.099219 0.187500 0.129688 0.121875
1 0.486719 0.283594 0.160937 0.173437
1 0.666406 0.214844 0.135938 0.132812
1 0.349219 0.355469 0.170313 0.135938
1 0.396094 0.548438 0.185938 0.137500
1 0.339844 0.710938 0.179688 0.178125
1 0.450781 0.714063 0.179688 0.178125
1 0.646094 0.694531 0.179688 0.198437
1 0.207031 0.293750 0.120313 0.206250
1 0.085156 0.333594 0.160937 0.142187
1 0.281250 0.215625 0.153125 0.171875
1 0.925781 0.492969 0.148438 0.214062
1 0.807813 0.828125 0.187500 0.093750
2 0.750000 0.703125 0.062500 0.071875
0 0.658594 0.482031 0.357813 0.314062
