1 0.527344 0.696875 0.182813 0.175000
1 0.675000 0.489063 0.184375 0.131250
1 0.782031 0.752344 0.167187 0.145312
1 0.869531 0.453906 0.164062 0.170312
1 0.858594 0.670312 0.157813 0.143750
1 0.727344 0.822656 0.145313 0.104688
1 0.157031 0.752344 0.129687 0.151563
1 0.394531 0.383594 0.154687 0.148438
1 0.838281 0.210156 0.154687 0.148438
1 0.656250 0.344531 0.184375 0.145313
1 0.122656 0.217969 0.154688 0.148438
1 0.231250 0.354687 0.162500 0.140625
1 0.436719 0.208594 0.160938 0.154688
1 0.592187 0.187500 0.168750 0.121875
1 0.271094 0.203125 0.148438 0.153125
1 0.083594 0.500781 0.164062 0.139062
0 0.321875 0.629687 0.278125 0.290625
