1 0.135156 0.421875 0.185937 0.171875
1 0.389844 0.590625 0.179688 0.218750
1 0.197656 0.248437 0.185938 0.171875
1 0.517969 0.475781 0.154688 0.176563
1 0.502344 0.739062 0.157813 0.171875
1 0.191406 0.586719 0.173438 0.154687
1 0.185156 0.682031 0.173437 0.154687
1 0.610156 0.189063 0.170312 0.125000
1 0.846875 0.362500 0.153125 0.146875
1 0.734375 0.272656 0.115625 0.139062
1 0.805469 0.200000 0.123437 0.146875
1 0.933594 0.235938 0.132812 0.162500
1 0.517969 0.302344 0.160937 0.142187
1 0.671875 0.414844 0.187500 0.132812
2 0.396094 0.799219 0.076563 0.064063
2 0.252344 0.485156 0.067188 0.064063
2 0.439063 0.167187 0.059375 0.065625
2 0.683594 0.339062 0.057813 0.056250
0 0.700000 0.630469 0.368750 0.351562
