0 0.516406 0.442187 0.164062 0.175000
2 0.349219 0.481250 0.051563 0.043750
2 0.428906 0.557813 0.051563 0.043750
2 0.040625 0.584375 0.043750 0.053125
1 0.152344 0.384375 0.204688 0.200000
1 0.103906 0.196094 0.148438 0.139063
1 0.075000 0.234375 0.146875 0.140625
1 0.262500 0.235937 0.181250 0.143750
1 0.400781 0.197656 0.179688 0.142187
1 0.673438 0.629687 0.168750 0.156250
1 0.720313 0.796094 0.140625 0.157813
1 0.490625 0.796094 0.140625 0.157813
1 0.692187 0.478906 0.159375 0.154688
1 0.810937 0.267969 0.128125 0.139063
1 0.931250 0.200781 0.137500 0.148438
1 0.534375 0.627344 0.162500 0.167188
1 0.443750 0.674219 0.162500 0.167188
1 0.302344 0.700781 0.170313 0.157813
1 0.537500 0.275781 0.150000 0.142187
1 0.654688 0.313281 0.150000 0.142188
1 0.769531 0.160938 0.167188 0.068750
