1 0.167969 0.685938 0.170312 0.165625
1 0.053906 0.535156 0.104688 0.185938
1 0.338281 0.385937 0.170313 0.165625
1 0.258594 0.342969 0.173438 0.179688
1 0.309375 0.195312 0.146875 0.137500
1 0.453125 0.195312 0.146875 0.137500
1 0.876562 0.522656 0.162500 0.151562
1 0.829687 0.364844 0.162500 0.151562
1 0.668750 0.422656 0.162500 0.151562
1 0.467187 0.572656 0.190625 0.160937
1 0.364844 0.536719 0.179688 0.160938
1 0.323438 0.725781 0.153125 0.201562
1 0.535156 0.742969 0.110937 0.185937
1 0.599219 0.245312 0.210938 0.237500
0 0.703125 0.670312 0.350000 0.315625
