0 0.210156 0.604688 0.323437 0.309375
1 0.489063 0.652344 0.181250 0.170313
1 0.720313 0.678125 0.175000 0.206250
1 0.667969 0.359375 0.182813 0.228125
1 0.226562 0.349219 0.171875 0.142187
1 0.403125 0.766406 0.171875 0.142188
1 0.582031 0.809375 0.170313 0.131250
1 0.947656 0.469531 0.101562 0.189063
1 0.804688 0.305469 0.153125 0.182812
1 0.925781 0.275000 0.142187 0.150000
1 0.858594 0.546094 0.154687 0.173438
1 0.377344 0.226562 0.179688 0.165625
1 0.253906 0.260937 0.179688 0.165625
1 0.789062 0.815625 0.156250 0.118750
1 0.584375 0.812500 0.156250 0.118750
