0 0.205469 0.414844 0.189062 0.185937
2 0.734375 0.233594 0.062500 0.057813
2 0.896875 0.716406 0.062500 0.057813
2 0.829688 0.817969 0.062500 0.057813
2 0.031250 0.472656 0.059375 0.057813
1 0.760938 0.363281 0.184375 0.154687
1 0.568750 0.599219 0.184375 0.154687
1 0.512500 0.777344 0.184375 0.154688
1 0.092969 0.583594 0.182813 0.154687
1 0.092969 0.682031 0.182813 0.154687
1 0.192969 0.831250 0.145313 0.087500
1 0.385156 0.311719 0.173437 0.201562
1 0.446875 0.467969 0.146875 0.145313
1 0.658594 0.717969 0.139062 0.164062
1 0.532812 0.442969 0.146875 0.145313
