1 0.682031 0.382812 0.192187 0.156250
1 0.529687 0.637500 0.187500 0.200000
1 0.786719 0.512500 0.176562 0.184375
1 0.294531 0.736719 0.210938 0.157813
1 0.059375 0.394531 0.115625 0.223437
1 0.606250 0.225000 0.203125 0.181250
1 0.772656 0.218750 0.132812 0.184375
1 0.923438 0.626562 0.153125 0.193750
1 0.929688 0.403906 0.140625 0.170313
1 0.932031 0.192188 0.135938 0.131250
1 0.571094 0.794531 0.185937 0.160937
2 0.814063 0.392969 0.046875 0.048437
2 0.642969 0.500781 0.082812 0.073437
0 0.428125 0.406250 0.306250 0.275000
