1 0.783594 0.747656 0.192187 0.160937
1 0.517187 0.466406 0.178125 0.123437
1 0.610156 0.614844 0.157813 0.164062
1 0.659375 0.369531 0.181250 0.167187
1 0.680469 0.196875 0.179688 0.140625
1 0.143750 0.789844 0.187500 0.170312
1 0.087500 0.629687 0.156250 0.146875
1 0.106250 0.267188 0.193750 0.156250
1 0.238281 0.182031 0.170312 0.110937
1 0.408594 0.182031 0.170313 0.110937
1 0.868750 0.324219 0.165625 0.164062
1 0.579688 0.677344 0.165625 0.164062
1 0.346875 0.730469 0.159375 0.132812
1 0.380469 0.293750 0.195312 0.190625
1 0.937500 0.411719 0.125000 0.151562
1 0.076562 0.407031 0.150000 0.145313
2 0.475781 0.775000 0.085938 0.075000
2 0.871094 0.517187 0.098437 0.100000
0 0.250000 0.512500 0.328125 0.309375
