1 0.309375 0.674219 0.140625 0.132812
1 0.277344 0.813281 0.145312 0.123437
1 0.672656 0.485156 0.167187 0.170312
1 0.828906 0.621875 0.139062 0.137500
1 0.742188 0.183594 0.128125 0.114063
1 0.838281 0.288281 0.173438 0.154687
1 0.214062 0.378125 0.146875 0.137500
1 0.506250 0.411719 0.156250 0.145313
1 0.882812 0.164844 0.156250 0.076563
1 0.938281 0.408594 0.123437 0.154688
1 0.960156 0.665625 0.079688 0.131250
1 0.910156 0.806250 0.173437 0.137500
1 0.522656 0.228125 0.198437 0.150000
0 0.471094 0.759375 0.210938 0.231250
2 0.473437 0.621094 0.065625 0.067187
