1 0.773438 0.264844 0.156250 0.151563
1 0.814063 0.528906 0.156250 0.151563
1 0.078906 0.201562 0.154688 0.150000
1 0.082813 0.403906 0.156250 0.151562
1 0.176563 0.617969 0.156250 0.151562
1 0.620313 0.708594 0.178125 0.154687
1 0.908594 0.556250 0.173438 0.200000
1 0.481250 0.592188 0.162500 0.131250
1 0.603906 0.393750 0.157813 0.140625
1 0.630469 0.803906 0.157813 0.142188
2 0.326562 0.825781 0.068750 0.067187
2 0.882031 0.752344 0.054688 0.048438
2 0.150781 0.514062 0.060937 0.059375
2 0.188281 0.229687 0.070312 0.056250
2 0.434375 0.146094 0.059375 0.039062
0 0.328906 0.367969 0.370312 0.345313
