1 0.532031 0.662500 0.167187 0.159375
1 0.403125 0.629687 0.137500 0.131250
1 0.136719 0.298438 0.135937 0.193750
1 0.899219 0.395312 0.167187 0.159375
1 0.336719 0.460938 0.170312 0.162500
1 0.460156 0.467969 0.151562 0.151562
1 0.553906 0.475000 0.154687 0.143750
1 0.324219 0.775000 0.154687 0.143750
1 0.055469 0.508594 0.107813 0.157813
1 0.286719 0.632812 0.154688 0.143750
1 0.756250 0.392188 0.146875 0.162500
1 0.807813 0.580469 0.184375 0.170313
1 0.746875 0.727344 0.184375 0.170312
0 0.567969 0.264844 0.373437 0.276563
