1 0.882812 0.438281 0.175000 0.167187
1 0.748437 0.440625 0.109375 0.175000
1 0.626563 0.552344 0.175000 0.170312
1 0.542188 0.738281 0.187500 0.164062
1 0.067969 0.436719 0.132812 0.142188
1 0.540625 0.332031 0.134375 0.142188
1 0.660937 0.214844 0.134375 0.142188
1 0.939062 0.594531 0.118750 0.154687
1 0.207031 0.203125 0.154687 0.153125
1 0.167969 0.335156 0.173438 0.145313
0 0.147656 0.661719 0.289062 0.301562
2 0.939062 0.811719 0.068750 0.051563
1 0.562500 0.685156 0.153125 0.110938
1 0.360938 0.510938 0.178125 0.112500
