1 0.590625 0.366406 0.146875 0.139062
1 0.419531 0.711719 0.176563 0.179688
1 0.312500 0.305469 0.193750 0.192187
1 0.219531 0.205469 0.123438 0.110937
1 0.512500 0.231250 0.162500 0.168750
1 0.764062 0.347656 0.140625 0.145312
1 0.914844 0.690625 0.170312 0.165625
1 0.936719 0.533594 0.126563 0.154688
1 0.796094 0.555469 0.145313 0.148437
1 0.920312 0.366406 0.156250 0.148438
1 0.804688 0.829688 0.156250 0.090625
1 0.775000 0.696875 0.159375 0.153125
1 0.078125 0.461719 0.153125 0.179687
1 0.532813 0.446875 0.159375 0.162500
0 0.202344 0.579687 0.351562 0.334375
2 0.414844 0.342969 0.064063 0.057812
