0 0.217188 0.562500 0.362500 0.446875
1 0.793750 0.708594 0.209375 0.154687
1 0.656250 0.492969 0.150000 0.135937
1 0.551562 0.525781 0.150000 0.135937
1 0.429688 0.692969 0.153125 0.235938
1 0.563281 0.696875 0.148437 0.150000
1 0.514844 0.800000 0.148438 0.150000
1 0.791406 0.361719 0.189063 0.170313
1 0.782031 0.200781 0.189063 0.148438
1 0.425781 0.363281 0.182813 0.142188
1 0.572656 0.356250 0.214062 0.196875
1 0.109375 0.338281 0.196875 0.189062
1 0.090625 0.199219 0.178125 0.145312
1 0.531250 0.176563 0.168750 0.100000
1 0.346094 0.234375 0.210937 0.178125
2 0.738281 0.800000 0.064062 0.053125
1 0.823438 0.435156 0.150000 0.135938
1 0.285938 0.807031 0.150000 0.135938
