1 0.356250 0.740625 0.156250 0.137500
1 0.331250 0.414062 0.156250 0.137500
1 0.405469 0.260156 0.170312 0.176563
1 0.228906 0.189063 0.160938 0.125000
1 0.528125 0.614844 0.159375 0.167188
1 0.779687 0.408594 0.159375 0.167187
1 0.746094 0.578125 0.148438 0.146875
1 0.735156 0.800781 0.148438 0.148438
1 0.627344 0.207031 0.101562 0.107812
1 0.078125 0.276562 0.150000 0.125000
1 0.630469 0.396094 0.157813 0.157812
1 0.112500 0.434375 0.156250 0.137500
0 0.126563 0.654687 0.250000 0.234375
2 0.869531 0.327344 0.073438 0.067188
1 0.202344 0.474219 0.157812 0.173437
