1 0.777344 0.621875 0.145312 0.146875
1 0.780469 0.729688 0.145313 0.146875
1 0.396094 0.788281 0.151562 0.173438
1 0.497656 0.710156 0.151563 0.173438
1 0.319531 0.478125 0.126563 0.165625
1 0.402344 0.305469 0.160937 0.198437
1 0.172656 0.411719 0.154688 0.164062
1 0.933594 0.473437 0.132812 0.159375
1 0.141406 0.676562 0.167187 0.156250
1 0.868750 0.292187 0.168750 0.156250
1 0.679688 0.206250 0.168750 0.156250
1 0.231250 0.232813 0.140625 0.137500
1 0.070312 0.243750 0.137500 0.137500
1 0.467969 0.581250 0.164063 0.137500
1 0.063281 0.418750 0.123438 0.156250
1 0.225000 0.552344 0.118750 0.142187
0 0.642188 0.419531 0.446875 0.304688
