1 0.503906 0.207031 0.170313 0.148438
1 0.832031 0.353906 0.170313 0.148438
1 0.266406 0.800781 0.170313 0.148438
1 0.584375 0.392188 0.203125 0.171875
1 0.680469 0.289062 0.167187 0.137500
1 0.641406 0.194531 0.176563 0.135938
1 0.360156 0.317969 0.170312 0.148438
1 0.336719 0.410937 0.160938 0.175000
1 0.765625 0.675781 0.184375 0.179688
1 0.733594 0.820312 0.170312 0.109375
1 0.567969 0.814844 0.198438 0.120313
1 0.943750 0.466406 0.112500 0.157812
1 0.133594 0.729688 0.142187 0.146875
1 0.177344 0.465625 0.160938 0.209375
2 0.434375 0.771875 0.053125 0.062500
0 0.542969 0.600000 0.326563 0.300000
