1 0.246875 0.293750 0.190625 0.153125
1 0.415625 0.264062 0.165625 0.159375
1 0.264844 0.603125 0.173437 0.162500
1 0.908594 0.523438 0.167188 0.143750
1 0.566406 0.345313 0.167188 0.143750
1 0.614062 0.332813 0.156250 0.125000
1 0.771875 0.273438 0.156250 0.125000
1 0.103906 0.514844 0.201563 0.195313
1 0.232031 0.772656 0.164063 0.164062
1 0.736719 0.677344 0.151563 0.139062
1 0.862500 0.787500 0.190625 0.175000
1 0.375000 0.410156 0.184375 0.151563
1 0.539062 0.753906 0.175000 0.154688
1 0.065625 0.249219 0.128125 0.173437
0 0.535937 0.529687 0.228125 0.209375
2 0.161719 0.415625 0.070312 0.056250
