1 0.794531 0.371094 0.167188 0.160937
1 0.849219 0.594531 0.167188 0.160938
1 0.924219 0.464062 0.151563 0.162500
1 0.943750 0.711719 0.112500 0.164062
1 0.575781 0.778125 0.182813 0.165625
1 0.559375 0.283594 0.187500 0.173437
1 0.393750 0.253906 0.153125 0.182813
1 0.691406 0.209375 0.151563 0.165625
1 0.060937 0.446875 0.118750 0.165625
1 0.053125 0.796094 0.103125 0.157813
1 0.071875 0.184375 0.140625 0.115625
1 0.238281 0.198437 0.179688 0.143750
1 0.147656 0.692969 0.179688 0.145312
0 0.457812 0.538281 0.328125 0.323437
2 0.471094 0.789062 0.045313 0.059375
