1 0.231250 0.187500 0.206250 0.121875
1 0.562500 0.412500 0.137500 0.168750
1 0.510156 0.582031 0.142188 0.145312
1 0.688281 0.203125 0.142188 0.143750
1 0.714063 0.753125 0.150000 0.143750
1 0.936719 0.447656 0.126563 0.145312
1 0.882031 0.238281 0.126563 0.145312
1 0.835938 0.806250 0.140625 0.128125
1 0.140625 0.674219 0.137500 0.176562
1 0.222656 0.360156 0.148438 0.160938
1 0.360156 0.325781 0.142188 0.132812
1 0.241406 0.511719 0.176563 0.160937
1 0.358594 0.614844 0.132812 0.145312
1 0.399219 0.696875 0.142188 0.140625
1 0.288281 0.743750 0.167188 0.156250
0 0.721094 0.527344 0.273438 0.239062
2 0.419531 0.791406 0.060938 0.064063
