1 0.100000 0.521094 0.175000 0.139062
1 0.297656 0.688281 0.167187 0.167187
1 0.153125 0.650000 0.131250 0.218750
1 0.634375 0.607813 0.184375 0.162500
1 0.486719 0.702344 0.170313 0.129688
1 0.450000 0.507031 0.137500 0.214062
1 0.572656 0.461719 0.167187 0.167187
1 0.897656 0.608594 0.182812 0.167187
1 0.902344 0.367969 0.182813 0.167187
1 0.474219 0.817969 0.185937 0.114062
1 0.300000 0.515625 0.193750 0.134375
1 0.174219 0.314844 0.192188 0.164062
1 0.704688 0.525781 0.137500 0.129687
1 0.812500 0.177344 0.137500 0.101562
1 0.642187 0.776563 0.150000 0.196875
2 0.797656 0.253125 0.076562 0.062500
0 0.473437 0.271094 0.343750 0.289062
