0 0.610156 0.225781 0.251563 0.198438
1 0.219531 0.355469 0.160937 0.182813
1 0.494531 0.394531 0.160937 0.182813
1 0.389062 0.510938 0.143750 0.221875
1 0.244531 0.516406 0.148437 0.173438
1 0.685156 0.394531 0.148438 0.173438
1 0.661719 0.602344 0.148438 0.173438
1 0.572656 0.776563 0.164062 0.187500
1 0.130469 0.700781 0.182812 0.185937
1 0.860156 0.201562 0.167187 0.150000
1 0.951562 0.431250 0.096875 0.162500
1 0.945312 0.626563 0.109375 0.215625
1 0.845312 0.712500 0.146875 0.159375
1 0.715625 0.742969 0.184375 0.192188
1 0.095313 0.576562 0.131250 0.171875
1 0.836719 0.522656 0.160938 0.182812
