1 0.576562 0.701563 0.171875 0.165625
1 0.763281 0.667969 0.198438 0.173437
1 0.739062 0.812500 0.206250 0.125000
1 0.552344 0.482031 0.201562 0.170312
1 0.317969 0.303906 0.201563 0.170312
1 0.490625 0.279687 0.153125 0.156250
1 0.611719 0.334375 0.157813 0.143750
1 0.924219 0.207031 0.151563 0.160937
1 0.924219 0.390625 0.151563 0.162500
1 0.794531 0.496875 0.173438 0.184375
1 0.347656 0.801562 0.173438 0.146875
1 0.231250 0.694531 0.175000 0.173438
1 0.221875 0.527344 0.175000 0.173437
0 0.389844 0.604688 0.185937 0.196875
2 0.021094 0.201563 0.039062 0.065625
