0 0.597656 0.197656 0.220312 0.142187
2 0.114063 0.529687 0.081250 0.068750
1 0.635156 0.439063 0.207812 0.181250
1 0.471094 0.407813 0.176562 0.162500
1 0.464844 0.251563 0.176562 0.162500
1 0.303906 0.665625 0.176563 0.162500
1 0.183594 0.695312 0.176562 0.162500
1 0.327344 0.805469 0.164062 0.139062
1 0.416406 0.825781 0.151562 0.098437
1 0.085938 0.825781 0.168750 0.098437
1 0.882812 0.336719 0.137500 0.142188
1 0.817187 0.366406 0.137500 0.142188
1 0.792188 0.464844 0.137500 0.142187
1 0.848437 0.491406 0.137500 0.142188
1 0.879687 0.522656 0.137500 0.142188
1 0.915625 0.575000 0.168750 0.153125
1 0.865625 0.810937 0.215625 0.128125
1 0.249219 0.235937 0.167188 0.153125
1 0.067187 0.337500 0.131250 0.165625
1 0.092969 0.196875 0.164062 0.140625
1 0.423437 0.646094 0.178125 0.154687
1 0.588281 0.655469 0.120313 0.135937
1 0.582031 0.738281 0.120313 0.135938
1 0.504687 0.802344 0.168750 0.145312
