1 0.655469 0.275000 0.157813 0.175000
1 0.817969 0.456250 0.157813 0.175000
1 0.792969 0.643750 0.192187 0.168750
1 0.917188 0.770312 0.165625 0.153125
1 0.715625 0.789844 0.165625 0.170312
1 0.936719 0.360156 0.126563 0.167187
1 0.805469 0.195312 0.145313 0.137500
1 0.491406 0.746875 0.117188 0.171875
1 0.420312 0.746094 0.187500 0.142187
1 0.232031 0.750000 0.164063 0.171875
1 0.655469 0.412500 0.142188 0.128125
1 0.364063 0.239844 0.156250 0.145313
1 0.142187 0.511719 0.156250 0.145312
1 0.241406 0.225781 0.151563 0.170312
1 0.128906 0.361719 0.176563 0.179688
0 0.373437 0.527344 0.381250 0.373438
