1 0.459375 0.426562 0.200000 0.156250
1 0.457031 0.191406 0.173437 0.129687
1 0.296094 0.312500 0.173437 0.131250
1 0.197656 0.272656 0.145313 0.129688
1 0.848437 0.187500 0.150000 0.121875
1 0.238281 0.507812 0.145312 0.131250
1 0.710156 0.789062 0.145313 0.131250
1 0.792969 0.775000 0.145312 0.131250
1 0.435156 0.779688 0.145313 0.131250
1 0.814063 0.335156 0.156250 0.170312
1 0.671875 0.182031 0.162500 0.110937
1 0.107813 0.446094 0.156250 0.157813
0 0.470313 0.633594 0.190625 0.198437
2 0.657813 0.269531 0.059375 0.064063
2 0.439063 0.272656 0.059375 0.064062
