1 0.250781 0.753125 0.142188 0.137500
1 0.062500 0.684375 0.121875 0.134375
1 0.693750 0.686719 0.131250 0.170312
1 0.667969 0.270313 0.123438 0.156250
1 0.940625 0.185937 0.118750 0.118750
1 0.464063 0.798438 0.153125 0.153125
1 0.577344 0.821094 0.101562 0.107812
1 0.298438 0.457813 0.159375 0.131250
1 0.157812 0.490625 0.159375 0.131250
1 0.639063 0.435156 0.165625 0.157812
1 0.550000 0.409375 0.168750 0.168750
1 0.917188 0.583594 0.165625 0.157813
2 0.142187 0.228125 0.065625 0.087500
2 0.609375 0.178125 0.090625 0.068750
0 0.317969 0.238281 0.323437 0.223437
