1 0.557813 0.243750 0.184375 0.168750
1 0.609375 0.693750 0.184375 0.168750
1 0.476562 0.422656 0.131250 0.126563
1 0.394531 0.207813 0.151563 0.162500
1 0.082031 0.332812 0.129688 0.137500
1 0.230469 0.518750 0.129687 0.137500
1 0.080469 0.690625 0.129688 0.137500
1 0.888281 0.387500 0.129687 0.137500
1 0.911719 0.617969 0.173438 0.173438
1 0.765625 0.787500 0.193750 0.175000
1 0.139063 0.424219 0.140625 0.132812
1 0.232813 0.251563 0.146875 0.128125
2 0.576563 0.475781 0.068750 0.057812
0 0.364062 0.685156 0.237500 0.239062
