1 0.117188 0.543750 0.153125 0.159375
1 0.281250 0.556250 0.153125 0.159375
1 0.176563 0.384375 0.153125 0.159375
1 0.064844 0.379688 0.126562 0.156250
1 0.488281 0.471875 0.148438 0.153125
1 0.357812 0.400781 0.196875 0.142187
1 0.307813 0.282031 0.184375 0.114062
1 0.143750 0.189063 0.181250 0.125000
1 0.823438 0.293750 0.203125 0.168750
1 0.637500 0.183594 0.196875 0.114063
1 0.466406 0.315625 0.157812 0.159375
1 0.737500 0.500000 0.162500 0.184375
1 0.828125 0.465625 0.162500 0.159375
1 0.184375 0.781250 0.153125 0.159375
1 0.664062 0.662500 0.153125 0.159375
0 0.445312 0.722656 0.356250 0.304688
