0 0.350000 0.602344 0.212500 0.179688
2 0.258594 0.478125 0.079688 0.075000
1 0.847656 0.341406 0.176562 0.179688
1 0.726562 0.610156 0.131250 0.142188
1 0.933594 0.738281 0.129687 0.142187
1 0.674219 0.707031 0.198438 0.179688
1 0.507031 0.733594 0.198437 0.179688
1 0.663281 0.464062 0.173438 0.143750
1 0.674219 0.287500 0.167188 0.187500
1 0.357812 0.371094 0.153125 0.167188
1 0.167187 0.430469 0.153125 0.167187
1 0.068750 0.430469 0.134375 0.223438
1 0.512500 0.577344 0.153125 0.167187
1 0.517188 0.407031 0.153125 0.167187
1 0.486719 0.215625 0.204688 0.178125
1 0.317969 0.186719 0.157812 0.120313
1 0.817969 0.210156 0.220313 0.167188
1 0.053906 0.587500 0.104688 0.171875
1 0.140625 0.210156 0.153125 0.167188
