1 0.789844 0.224219 0.170312 0.139063
1 0.720312 0.382031 0.165625 0.145313
1 0.785156 0.824219 0.220312 0.101562
1 0.501562 0.723437 0.162500 0.187500
1 0.536719 0.414062 0.173437 0.146875
1 0.914062 0.539062 0.162500 0.187500
1 0.841406 0.621875 0.192187 0.153125
1 0.276562 0.477344 0.131250 0.123437
1 0.092969 0.529687 0.170313 0.128125
1 0.158594 0.744531 0.185938 0.176562
0 0.317969 0.302344 0.182812 0.164063
1 0.935156 0.389844 0.129687 0.139062
1 0.514844 0.818750 0.148438 0.112500
1 0.351562 0.732031 0.140625 0.142188
