0 0.303906 0.567187 0.270313 0.278125
2 0.185156 0.663281 0.060938 0.048438
2 0.263281 0.149219 0.060938 0.045313
2 0.646094 0.460156 0.060937 0.048438
1 0.114844 0.451562 0.176563 0.143750
1 0.089063 0.504687 0.175000 0.143750
1 0.532031 0.418750 0.160938 0.143750
1 0.611719 0.323438 0.160937 0.143750
1 0.521094 0.240625 0.182813 0.162500
1 0.796875 0.298438 0.215625 0.162500
1 0.820312 0.442187 0.168750 0.187500
1 0.934375 0.780469 0.128125 0.189063
1 0.737500 0.792188 0.206250 0.165625
1 0.516406 0.803906 0.182812 0.142188
1 0.671875 0.592187 0.162500 0.156250
1 0.089844 0.249219 0.132812 0.210938
