1 0.179688 0.296094 0.156250 0.210938
1 0.672656 0.190625 0.179688 0.128125
1 0.447656 0.210938 0.185938 0.162500
1 0.853906 0.406250 0.185937 0.162500
1 0.366406 0.656250 0.185937 0.162500
1 0.239063 0.802344 0.184375 0.145312
1 0.571094 0.762500 0.170312 0.178125
1 0.159375 0.619531 0.165625 0.135938
1 0.342187 0.329688 0.168750 0.168750
1 0.276562 0.485156 0.221875 0.195312
1 0.813281 0.810156 0.170312 0.129687
1 0.935156 0.522656 0.129687 0.164063
0 0.561719 0.510938 0.332813 0.325000
2 0.139063 0.178125 0.059375 0.059375
