1 0.440625 0.422656 0.175000 0.154687
1 0.392188 0.278125 0.212500 0.181250
1 0.598437 0.429688 0.175000 0.162500
1 0.871875 0.659375 0.165625 0.159375
1 0.915625 0.802344 0.162500 0.145312
1 0.338281 0.814063 0.160938 0.121875
1 0.517188 0.658594 0.181250 0.151563
1 0.075000 0.198437 0.146875 0.143750
1 0.724219 0.590625 0.167188 0.193750
1 0.630469 0.212500 0.170312 0.171875
1 0.939063 0.327344 0.121875 0.182813
1 0.897656 0.489063 0.154687 0.184375
1 0.260938 0.479687 0.184375 0.181250
2 0.401563 0.161719 0.075000 0.070312
0 0.679688 0.777344 0.331250 0.195312
