1 0.792188 0.589063 0.184375 0.165625
1 0.446094 0.535156 0.148437 0.148438
1 0.092188 0.660937 0.137500 0.196875
1 0.462500 0.310156 0.178125 0.151562
1 0.825781 0.233594 0.192187 0.176563
1 0.728125 0.410938 0.168750 0.165625
1 0.606250 0.430469 0.184375 0.182812
1 0.647656 0.800781 0.185937 0.148438
1 0.610938 0.607812 0.159375 0.156250
1 0.350000 0.414844 0.156250 0.148438
1 0.229688 0.289844 0.153125 0.182812
1 0.229687 0.463281 0.140625 0.189063
1 0.337500 0.185937 0.171875 0.118750
0 0.301563 0.731250 0.356250 0.287500
2 0.867188 0.314063 0.059375 0.059375
2 0.820312 0.339844 0.056250 0.054688
